0.384615	0	0	0	0.461538	0	0.230769	0.461538	0	0.230769	0.153846	0	0.153846	DEL
0	0	0	0	0.4	0	0.4	0.4	0	0	0.6	0	0.6	DEL
0.571429	0	0	0	0.428571	0	0	0.428571	0	0.428571	0	0	0	DEL
0.5	0	0	0	0.5	0	0	0.5	0	0.5	0	0	0	DEL
0.2	0	0	0	0.4	0	0.2	0.4	0	0.2	0.4	0	0.4	DEL
0.125	0	0	0	0.875	0	0.375	0.875	0	0.5	0	0	0	DEL
0	0	0	0	0.666667	0	0	0.666667	0	0.666667	0.333333	0	0.333333	DEL
0.0909091	0	0	0	0.909091	0	0.636364	0.909091	0	0.272727	0	0	0	DEL
0.75	0	0	0	0.25	0	0.125	0.25	0	0.125	0	0	0	DEL
0.25	0	0	0	0.625	0	0.25	0.625	0	0.375	0.125	0	0.125	DEL
0	0	0	0	1	0	0.666667	1	0	0.333333	0	0	0	DEL
0	0	0	0	1	0	0.666667	1	0	0.333333	0	0	0	DEL
0.142857	0	0	0	0.571429	0	0.142857	0.571429	0	0.428571	0.285714	0	0.285714	DEL
0.25	0	0	0	0.583333	0	0.166667	0.583333	0	0.416667	0.166667	0	0.166667	DEL
0	0	0	0	0.888889	0	0.333333	0.888889	0	0.555556	0.111111	0	0.111111	DEL
0.2	0	0	0	0.2	0	0.2	0.2	0	0	0.6	0	0.6	DEL
0.4	0	0	0	0.6	0	0.4	0.6	0	0.2	0	0	0	DEL
0.75	0	0	0	0.25	0	0	0.25	0	0.25	0	0	0	DEL
0.769231	0	0	0	0.230769	0	0	0.230769	0	0.230769	0	0	0	DEL
0	0	0	0	0.75	0	0.25	0.75	0	0.5	0.25	0	0.25	DEL
0.6	0	0	0	0.4	0	0.4	0.4	0	0	0	0	0	DEL
0.3	0	0	0	0.5	0	0.3	0.5	0	0.2	0.2	0	0.2	DEL
0	0	0	0	0.833333	0	0.5	0.833333	0	0.333333	0.166667	0	0.166667	DEL
0.4	0	0	0	0.6	0	0.3	0.6	0	0.3	0	0	0	DEL
0.142857	0	0	0	0.571429	0	0.0714286	0.571429	0	0.5	0.285714	0	0.285714	DEL
0.285714	0	0	0	0.571429	0	0.0714286	0.571429	0	0.5	0.142857	0	0.142857	DEL
0.0666667	0	0	0	0.866667	0	0.533333	0.866667	0	0.333333	0.0666667	0	0.0666667	DEL
0.2	0	0	0	0.6	0	0.4	0.6	0	0.2	0.2	0	0.2	DEL
0	0	0	0	1	0	0.375	1	0	0.625	0	0	0	DEL
0.125	0	0	0	0.875	0	0.625	0.875	0	0.25	0	0	0	DEL
0.2	0	0	0	0.7	0	0.2	0.7	0	0.5	0.1	0	0.1	DEL
0.142857	0	0	0	0.857143	0	0.285714	0.857143	0	0.571429	0	0	0	DEL
0.142857	0	0	0	0.857143	0	0.714286	0.857143	0	0.142857	0	0	0	DEL
0	0	0	0	1	0	0.5	1	0	0.5	0	0	0	DEL
0	0	0	0	0.6	0	0.6	0.6	0	0	0.4	0	0.4	DEL
0.0833333	0	0	0	0.666667	0	0.333333	0.666667	0	0.333333	0.25	0	0.25	DEL
0	0	0	0	0.777778	0	0.333333	0.777778	0	0.444444	0.222222	0	0.222222	DEL
0.444444	0	0	0	0.555556	0	0.444444	0.555556	0	0.111111	0	0	0	DEL
0.166667	0	0	0	0.666667	0	0.166667	0.666667	0	0.5	0.166667	0	0.166667	DEL
0.166667	0	0	0	0.666667	0	0.333333	0.666667	0	0.333333	0.166667	0	0.166667	DEL
0.333333	0	0	0	0.666667	0	0.5	0.666667	0	0.166667	0	0	0	DEL
0.25	0	0	0	0.75	0	0.5	0.75	0	0.25	0	0	0	DEL
0.416667	0	0	0	0.25	0	0.166667	0.25	0	0.0833333	0.333333	0	0.333333	DEL
0.2	0	0	0	0.4	0	0.2	0.4	0	0.2	0.4	0	0.4	DEL
0	0	0	0	0.833333	0	0.166667	0.833333	0	0.666667	0.166667	0	0.166667	DEL
0.416667	0	0	0	0.583333	0	0.25	0.583333	0	0.333333	0	0	0	DEL
0.5	0	0	0	0.5	0	0.166667	0.333333	0	0.166667	0	0	0	DEL
0.444444	0	0	0	0.555556	0	0.222222	0.444444	0	0.222222	0	0	0	DEL
0.333333	0	0	0	0.333333	0	0	0.333333	0	0.333333	0.333333	0	0.333333	DEL
0.4	0	0	0	0.2	0	0	0.2	0	0.2	0.4	0	0.4	DEL
0.666667	0	0	0	0.333333	0	0	0.333333	0	0.333333	0	0	0	DEL
0.583333	0	0	0	0.416667	0	0	0.416667	0	0.416667	0	0	0	DEL
0.142857	0	0	0	0.571429	0	0.142857	0.571429	0	0.428571	0.285714	0	0.285714	DEL
0.3	0	0	0	0.3	0	0.2	0.3	0	0.1	0.4	0	0.4	DEL
0.25	0	0	0	0.75	0	0.5	0.75	0	0.25	0	0	0	DEL
0.2	0	0	0	0.8	0.2	0.6	0.8	0.6	0.2	0	0	0	DEL
0.222222	0	0	0	0.777778	0	0.333333	0.777778	0	0.444444	0	0	0	DEL
0.5	0	0	0	0.25	0	0	0.25	0	0.25	0.25	0	0.25	DEL
0	0	0	0	0.9	0	0.4	0.9	0	0.5	0.1	0	0.1	DEL
0.4	0	0	0	0.4	0	0.2	0.4	0	0.2	0.2	0	0.2	DEL
0	0	0	0	0.7	0	0.2	0.7	0	0.5	0.3	0	0.3	DEL
0.2	0	0	0	0.8	0	0.2	0.8	0	0.6	0	0	0	DEL
0.111111	0	0	0	0.777778	0	0.444444	0.777778	0	0.333333	0.111111	0	0.111111	DEL
0.25	0	0	0	0.75	0	0.25	0.25	0	0.5	0	0	0	DEL
0.1	0	0	0	0.6	0	0.2	0.6	0	0.4	0.3	0	0.3	DEL
0.2	0	0	0	0.733333	0	0.466667	0.733333	0	0.266667	0.0666667	0	0.0666667	DEL
0	0	0	0	0.666667	0	0.444444	0.666667	0	0.222222	0.333333	0	0.333333	DEL
0.2	0	0	0	0.6	0	0.2	0.6	0	0.4	0.2	0	0.2	DEL
0.0769231	0	0	0	0.846154	0	0.461538	0.846154	0	0.384615	0.0769231	0	0.0769231	DEL
0.2	0	0	0	0.8	0	0.3	0.8	0	0.5	0	0	0	DEL
0	0	0	0	0.777778	0	0.444444	0.777778	0	0.333333	0.222222	0	0.222222	DEL
0.375	0	0	0	0.5	0	0.4375	0.5	0	0.0625	0.125	0	0.125	DEL
0.2	0	0	0	0.8	0	0.7	0.8	0	0.1	0	0	0	DEL
0	0	0	0	0.666667	0	0.5	0.666667	0	0.166667	0.333333	0	0.333333	DEL
0.0833333	0	0	0	0.833333	0	0.583333	0.833333	0	0.25	0.0833333	0	0.0833333	DEL
0.0909091	0	0	0	0.818182	0	0.272727	0.818182	0	0.545455	0.0909091	0	0.0909091	DEL
0.0769231	0	0	0	0.846154	0	0.307692	0.846154	0	0.538462	0.0769231	0	0.0769231	DEL
0.125	0	0	0	0.625	0	0.25	0.625	0	0.375	0.25	0	0.25	DEL
0	0	0	0	0.857143	0	0.428571	0.857143	0	0.428571	0.142857	0	0.142857	DEL
0.3	0	0	0	0.7	0	0.3	0.7	0	0.4	0	0	0	DEL
0.666667	0	0	0	0.277778	0	0.166667	0.277778	0	0.111111	0.0555556	0	0.0555556	DUP
0.625	0	0	0	0.333333	0	0.166667	0.333333	0	0.166667	0.0416667	0	0.0416667	DUP
0.444444	0	0	0	0.5	0	0.277778	0.5	0	0.222222	0.0555556	0	0.0555556	DUP
0.666667	0	0	0	0.166667	0	0	0.166667	0	0.166667	0.166667	0	0.166667	DUP
0.764706	0	0	0	0.176471	0	0.117647	0.176471	0	0.0588235	0.0588235	0	0.0588235	DUP
0.708333	0	0	0	0.291667	0	0.125	0.291667	0	0.166667	0	0	0	DUP
0.636364	0	0	0	0.363636	0	0.181818	0.363636	0	0.181818	0	0	0	DUP
0.608696	0	0	0	0.304348	0	0.0869565	0.304348	0	0.217391	0.0869565	0	0.0869565	DUP
0.619048	0	0	0	0.380952	0	0.0952381	0.380952	0	0.285714	0	0	0	DUP
0.722222	0	0	0	0.277778	0	0.0555556	0.277778	0	0.222222	0	0	0	DUP
0.363636	0	0	0	0.545455	0	0.0909091	0.545455	0	0.454545	0.0909091	0	0.0909091	DUP
0.695652	0	0	0	0.173913	0	0.130435	0.173913	0	0.0434783	0.130435	0	0.130435	DUP
0.294118	0	0	0	0.705882	0	0.235294	0.705882	0	0.470588	0	0	0	DUP
0.529412	0	0	0	0.352941	0	0.0588235	0.352941	0	0.294118	0.117647	0	0.117647	DUP
0.619048	0	0	0	0.380952	0	0.0952381	0.380952	0	0.285714	0	0	0	DUP
0.777778	0	0	0	0.222222	0	0.111111	0.222222	0	0.111111	0	0	0	DUP
0.55	0	0	0	0.25	0	0.15	0.25	0	0.1	0.2	0	0.2	DUP
0.714286	0	0	0	0.214286	0	0.142857	0.214286	0	0.0714286	0.0714286	0	0.0714286	DUP
0.6875	0	0	0	0.25	0	0.125	0.25	0	0.125	0.0625	0	0.0625	DUP
0.705882	0	0	0	0.294118	0	0.176471	0.294118	0	0.117647	0	0	0	DUP
0.588235	0	0	0	0.411765	0	0.0588235	0.411765	0	0.352941	0	0	0	DUP
0.724138	0	0	0	0.206897	0	0.172414	0.206897	0	0.0344828	0.0689655	0	0.0689655	DUP
0.653846	0	0	0	0.307692	0	0.192308	0.307692	0	0.115385	0.0384615	0	0.0384615	DUP
0.625	0	0	0	0.333333	0	0.166667	0.333333	0	0.166667	0.0416667	0	0.0416667	DUP
0.64	0	0	0	0.28	0	0.12	0.24	0	0.12	0.08	0	0.08	DUP
0.6875	0	0	0	0.3125	0	0.1875	0.3125	0	0.125	0	0	0	DUP
0.666667	0	0	0	0.222222	0	0	0.222222	0	0.222222	0.111111	0	0.111111	DUP
0.578947	0	0	0	0.315789	0	0.315789	0.315789	0	0	0.105263	0	0.105263	DUP
0.454545	0	0	0	0.545455	0	0.545455	0.545455	0	0	0	0	0	DUP
0.470588	0	0	0	0.470588	0	0.294118	0.470588	0	0.176471	0.0588235	0	0.0588235	DUP
0.384615	0	0	0	0.615385	0	0.461538	0.615385	0	0.153846	0	0	0	DUP
0.555556	0	0	0	0.388889	0	0.111111	0.388889	0	0.277778	0.0555556	0	0.0555556	DUP
0.625	0	0	0	0.333333	0	0.0833333	0.333333	0	0.25	0.0416667	0	0.0416667	DUP
0.8125	0	0	0	0.125	0	0.0625	0.125	0	0.0625	0.0625	0	0.0625	DUP
0.55	0	0	0	0.35	0	0.1	0.35	0	0.25	0.1	0	0.1	DUP
0.5	0	0	0	0.4	0	0.1	0.4	0	0.3	0.1	0	0.1	DUP
0.421053	0	0	0	0.578947	0	0.157895	0.526316	0	0.368421	0	0	0	DUP
0.888889	0	0	0	0.111111	0	0.0555556	0.111111	0	0.0555556	0	0	0	DUP
0.578947	0	0	0	0.421053	0	0.105263	0.421053	0	0.315789	0	0	0	DUP
0.526316	0	0	0	0.421053	0	0.157895	0.421053	0	0.263158	0.0526316	0	0.0526316	DUP
0.333333	0	0	0	0.6	0	0.266667	0.6	0	0.333333	0.0666667	0	0.0666667	DUP
0.608696	0	0	0	0.347826	0	0.0869565	0.347826	0	0.26087	0.0434783	0	0.0434783	DUP
0.708333	0	0	0	0.25	0	0.0833333	0.25	0	0.166667	0.0416667	0	0.0416667	DUP
0.684211	0	0	0	0.315789	0	0.105263	0.315789	0	0.210526	0	0	0	DUP
0.545455	0	0	0	0.454545	0	0.181818	0.454545	0	0.272727	0	0	0	DUP
0.772727	0	0	0	0.227273	0	0.181818	0.227273	0	0.0454545	0	0	0	DUP
0.583333	0	0	0	0.416667	0	0.333333	0.416667	0	0.0833333	0	0	0	DUP
0.6	0	0	0	0.333333	0	0.133333	0.333333	0	0.2	0.0666667	0	0.0666667	DUP
0.625	0	0	0	0.375	0	0.125	0.3125	0	0.25	0	0	0	DUP
0.764706	0	0	0	0.235294	0	0.117647	0.235294	0	0.117647	0	0	0	DUP
0.583333	0	0	0	0.416667	0	0.166667	0.416667	0	0.25	0	0	0	DUP
0.529412	0	0	0	0.411765	0	0.176471	0.411765	0	0.235294	0.0588235	0	0.0588235	DUP
0.631579	0	0	0	0.368421	0	0.157895	0.368421	0	0.210526	0	0	0	DUP
0.615385	0	0	0	0.307692	0	0.0769231	0.153846	0	0.230769	0.0769231	0	0.0769231	DUP
0.47619	0	0	0	0.52381	0	0.333333	0.52381	0	0.190476	0	0	0	DUP
0.5	0	0	0	0.3	0	0.15	0.3	0	0.15	0.2	0	0.2	DUP
0.608696	0	0	0	0.347826	0	0.217391	0.347826	0	0.130435	0.0434783	0	0.0434783	DUP
0.73913	0	0	0	0.217391	0	0.0434783	0.217391	0	0.173913	0.0434783	0	0.0434783	DUP
0.666667	0	0	0	0.266667	0	0.1	0.266667	0	0.166667	0.0666667	0	0.0666667	DUP
0.526316	0	0	0	0.421053	0	0.157895	0.421053	0	0.263158	0.0526316	0	0.0526316	DUP
0.409091	0	0	0	0.5	0	0.227273	0.5	0	0.272727	0.0909091	0	0.0909091	DUP
0.470588	0	0	0	0.529412	0	0.235294	0.529412	0	0.294118	0	0	0	DUP
0.619048	0	0	0	0.380952	0	0.142857	0.380952	0	0.238095	0	0	0	DUP
0.363636	0	0	0	0.636364	0	0.272727	0.636364	0	0.363636	0	0	0	DUP
0.722222	0	0	0	0.166667	0	0.0555556	0.166667	0	0.111111	0.111111	0	0.111111	DUP
0.8125	0	0	0	0.1875	0	0.0625	0.1875	0	0.125	0	0	0	DUP
0.789474	0	0	0	0.157895	0	0	0.157895	0	0.157895	0.0526316	0	0.0526316	DUP
0.615385	0	0	0	0.384615	0	0.0769231	0.384615	0	0.307692	0	0	0	DUP
0.761905	0	0	0	0.190476	0	0.142857	0.190476	0	0.047619	0.047619	0	0.047619	DUP
0.666667	0	0	0	0.333333	0	0.266667	0.333333	0	0.0666667	0	0	0	DUP
0.777778	0	0	0	0.166667	0	0	0.166667	0	0.166667	0.0555556	0	0.0555556	DUP
0.733333	0	0	0	0.266667	0	0	0.266667	0	0.266667	0	0	0	DUP
0.565217	0	0	0	0.434783	0	0.173913	0.434783	0	0.26087	0	0	0	DUP
0.529412	0	0	0	0.470588	0	0.235294	0.470588	0	0.235294	0	0	0	DUP
0.714286	0	0	0	0.285714	0	0.0952381	0.285714	0	0.190476	0	0	0	DUP
0.7	0	0	0	0.2	0	0.0666667	0.2	0	0.133333	0.1	0	0.1	DUP
0.8	0	0	0	0.2	0	0.15	0.2	0	0.05	0	0	0	DUP
0.454545	0	0	0	0.545455	0	0.272727	0.545455	0	0.272727	0	0	0	DUP
0.578947	0	0	0	0.368421	0	0.157895	0.368421	0	0.210526	0.0526316	0	0.0526316	DUP
0.631579	0	0	0	0.368421	0	0.157895	0.368421	0	0.210526	0	0	0	DUP
0.571429	0	0	0	0.428571	0	0.190476	0.428571	0	0.238095	0	0	0	DUP
0.473684	0	0	0	0.526316	0	0.263158	0.526316	0	0.263158	0	0	0	DUP
0.473684	0	0	0	0.526316	0	0.263158	0.526316	0	0.263158	0	0	0	DUP
0.47619	0	0	0	0.380952	0	0.285714	0.380952	0	0.0952381	0.142857	0	0.142857	DUP
0.615385	0	0	0	0.307692	0	0.153846	0.307692	0	0.153846	0.0769231	0	0.0769231	DUP
0.625	0	0	0	0.3125	0	0.1875	0.3125	0	0.125	0.0625	0	0.0625	DUP
0.714286	0	0	0	0.142857	0	0.047619	0.142857	0	0.0952381	0.142857	0	0.142857	DUP
0.6875	0	0	0	0.1875	0	0.0625	0.1875	0	0.125	0.125	0	0.125	DUP
0.692308	0	0	0	0.307692	0	0.153846	0.307692	0	0.153846	0	0	0	DUP
0.714286	0	0	0	0.214286	0	0.0714286	0.214286	0	0.142857	0.0714286	0	0.0714286	DUP
0.705882	0	0	0	0.294118	0	0.117647	0.294118	0	0.176471	0	0	0	DUP
0.642857	0	0	0	0.214286	0	0.0714286	0.214286	0	0.142857	0.142857	0	0.142857	DUP
0.9	0	0	0	0.1	0	0.05	0.1	0	0.05	0	0	0	DUP
0.866667	0	0	0	0.0666667	0	0.0666667	0.0666667	0	0	0.0666667	0	0.0666667	DUP
0.545455	0	0	0	0.454545	0	0.181818	0.454545	0	0.272727	0	0	0	DUP
0.3125	0	0	0	0.625	0	0.25	0.625	0	0.375	0.0625	0	0.0625	DUP
0.705882	0	0	0	0.294118	0	0.235294	0.294118	0	0.0588235	0	0	0	DUP
0.5	0	0	0	0.4375	0	0.125	0.4375	0	0.3125	0.0625	0	0.0625	DUP
0.583333	0	0	0	0.333333	0	0.166667	0.333333	0	0.166667	0.0833333	0	0.0833333	DUP
0.6	0	0	0	0.28	0	0.24	0.28	0	0.04	0.12	0	0.12	DUP
0.555556	0	0	0	0.333333	0	0.259259	0.333333	0	0.0740741	0.111111	0	0.111111	DUP
0.5	0	0	0	0.5	0	0.375	0.5	0	0.125	0	0	0	DUP
0.714286	0	0	0	0.285714	0	0.214286	0.285714	0	0.0714286	0	0	0	DUP
0.642857	0	0	0	0.357143	0	0.285714	0.357143	0	0.0714286	0	0	0	DUP
0.666667	0	0	0	0.333333	0	0.222222	0.333333	0	0.111111	0	0	0	DUP
0.647059	0	0	0	0.352941	0	0.235294	0.352941	0	0.117647	0	0	0	DUP
0.761905	0	0	0	0.238095	0	0.0952381	0.238095	0	0.142857	0	0	0	DUP
0.615385	0	0	0	0.384615	0	0.153846	0.384615	0	0.230769	0	0	0	DUP
0.62069	0	0	0	0.310345	0	0.172414	0.310345	0	0.137931	0.0689655	0	0.0689655	DUP
0.6	0	0	0	0.4	0	0.133333	0.4	0	0.266667	0	0	0	DUP
0.764706	0	0	0	0.235294	0	0.0588235	0.235294	0	0.176471	0	0	0	DUP
0.705882	0	0	0	0.294118	0	0.117647	0.294118	0	0.176471	0	0	0	DUP
0.454545	0	0	0	0.545455	0	0.272727	0.545455	0	0.272727	0	0	0	DUP
0.722222	0	0	0	0.277778	0	0.0555556	0.277778	0	0.222222	0	0	0	DUP
0.454545	0	0	0	0.545455	0	0.181818	0.545455	0	0.363636	0	0	0	DUP
0.529412	0	0	0	0.235294	0	0.117647	0.235294	0.235294	0.117647	0	0	0	INR
0.666667	0	0	0	0.222222	0.111111	0	0	0.111111	0.111111	0.111111	0.111111	0	INR
0.714286	0	0	0	0.285714	0	0.0857143	0.285714	0.2	0.2	0	0	0	INR
0.0769231	0	0	0	0.846154	0.230769	0	0	0.230769	0.538462	0.0769231	0.0769231	0	INR
0.277778	0	0	0	0.722222	0	0.333333	0.722222	0	0.388889	0	0	0	INR
0.764706	0	0	0	0.176471	0	0	0.176471	0.176471	0.176471	0.0588235	0	0	INR
0.722222	0	0	0	0.222222	0	0.222222	0.222222	0.222222	0	0.0555556	0	0	INR
0.0952381	0	0	0	0.714286	0.380952	0	0	0.380952	0.47619	0.190476	0.190476	0	INR
0.375	0	0	0	0.5625	0	0.3125	0.5625	0.125	0.25	0.0625	0	0	INR
0.944444	0	0	0	0.0555556	0	0	0	0	0.0555556	0	0	0	INR
0.333333	0	0	0	0.666667	0.444444	0	0	0.444444	0.444444	0	0	0	INR
0.294118	0	0	0	0.705882	0	0.117647	0.705882	0	0.588235	0	0	0	INR
0.652174	0	0	0	0.130435	0.130435	0	0	0	0.0434783	0	0	0	INR
0.125	0	0	0	0.875	0	0.125	0.25	0	0.625	0	0	0	INR
0.166667	0	0	0	0.277778	0	0	0	0	0.111111	0	0	0	INR
0	0	0	0	0.916667	0.583333	0	0	0.583333	0.416667	0.0833333	0.0833333	0	INR
0.25	0	0	0	0.65	0.4	0	0	0.4	0.35	0.1	0.1	0	INR
0.176471	0	0	0	0.823529	0.294118	0	0	0.294118	0.529412	0	0	0	INR
0.4375	0	0	0	0.4375	0	0.25	0.4375	0.1875	0.1875	0.125	0	0	INR
0.666667	0	0	0	0.166667	0	0.0833333	0.166667	0.0833333	0.0833333	0.166667	0	0	INR
0.368421	0	0	0	0.578947	0.210526	0	0	0.210526	0.368421	0.0526316	0.0526316	0	INR
0.761905	0	0	0	0.190476	0.142857	0	0	0.142857	0.142857	0.047619	0.047619	0	INR
0.111111	0	0	0	0.722222	0	0.5	0.722222	0.277778	0.222222	0.166667	0	0	INR
0.235294	0	0	0	0.588235	0.294118	0	0	0.294118	0.529412	0.176471	0.176471	0	INR
0.8	0	0	0	0.2	0	0.16	0.2	0.04	0.04	0	0	0	INR
0.652174	0	0	0	0.347826	0	0.0869565	0.347826	0.0869565	0.26087	0	0	0	INR
0.944444	0	0	0	0.0555556	0	0.0555556	0.0555556	0	0	0	0	0	INR
0.4	0	0	0	0.5	0	0.4	0.5	0.4	0.1	0.1	0	0	INR
0.142857	0	0	0	0.47619	0	0	0	0	0.238095	0	0	0	INR
0.166667	0	0	0	0.722222	0	0.444444	0.722222	0.388889	0.277778	0.111111	0	0	INR
0.166667	0	0	0	0.75	0	0.416667	0.75	0.5	0.333333	0.0833333	0	0	INR
0.75	0	0	0	0.25	0	0.125	0.25	0.125	0.125	0	0	0	INR
0.571429	0	0	0	0.380952	0	0.142857	0.380952	0.142857	0.238095	0.047619	0	0	INR
0.388889	0	0	0	0.444444	0	0	0	0	0.333333	0	0	0	INR
0.133333	0	0	0	0.866667	0	0.333333	0.866667	0.4	0.533333	0	0	0	INR
0.333333	0	0	0	0.5	0	0.166667	0.416667	0	0.333333	0	0	0	INR
0.833333	0	0	0	0.166667	0.166667	0	0	0.166667	0.0555556	0	0	0	INR
0.25	0	0	0	0.583333	0	0.25	0.583333	0.333333	0.333333	0.166667	0	0	INR
0.642857	0	0	0	0.357143	0.0714286	0	0	0.0714286	0.0714286	0	0	0	INR
0.272727	0	0	0	0.636364	0.454545	0	0	0.454545	0.363636	0.0909091	0.0909091	0	INR
0.590909	0	0	0	0.318182	0	0.181818	0.318182	0.136364	0.136364	0.0909091	0	0	INR
0	0	0	0	0.785714	0	0.428571	0.714286	0.357143	0.357143	0.214286	0	0	INR
0.642857	0	0	0	0.357143	0	0.0714286	0.357143	0.285714	0.285714	0	0	0	INR
0.69697	0	0	0	0.272727	0.121212	0	0	0.121212	0.151515	0.030303	0.030303	0	INR
0.428571	0	0	0	0.52381	0	0.190476	0.52381	0.190476	0.333333	0.047619	0	0	INR
0.666667	0	0	0	0.333333	0	0.166667	0.333333	0.166667	0.166667	0	0	0	INR
0.6875	0	0	0	0.25	0.0625	0	0	0.0625	0.1875	0.0625	0.0625	0	INR
0.65	0	0	0	0.35	0.2	0	0	0.2	0.2	0	0	0	INR
0.142857	0	0	0	0.47619	0	0.238095	0.47619	0	0.238095	0	0	0	INR
0.777778	0	0	0	0.222222	0	0.166667	0.222222	0.0555556	0.0555556	0	0	0	INR
0.684211	0	0	0	0.210526	0.105263	0	0	0.105263	0.105263	0.105263	0.105263	0	INR
0.357143	0	0	0	0.571429	0.285714	0	0	0.285714	0.285714	0.0714286	0.0714286	0	INR
0.3	0	0	0	0.6	0	0.3	0.6	0	0.3	0.1	0	0.1	INR
0.772727	0	0	0	0.227273	0.136364	0	0	0.136364	0.0909091	0	0	0	INR
0.875	0	0	0	0.125	0.125	0	0	0.125	0.125	0	0	0	INR
0.666667	0	0	0	0.333333	0.166667	0	0	0.166667	0.166667	0	0	0	INR
0.666667	0	0	0	0.333333	0.0416667	0	0	0.0416667	0.0416667	0	0	0	INR
0.0833333	0	0	0	0.916667	0	0.25	0.916667	0	0.666667	0	0	0	INR
0.7	0	0	0	0.25	0	0.15	0.25	0.1	0.1	0.05	0	0	INR
0.5	0	0	0	0.4375	0	0.1875	0.4375	0.1875	0.25	0.0625	0	0	INR
0.0526316	0	0	0	0.842105	0.578947	0	0	0.578947	0.526316	0.105263	0.105263	0	INR
0.6875	0	0	0	0.25	0	0.125	0.25	0.125	0.125	0.0625	0	0	INR
0.5	0	0	0	0	0	0	0	0	0	0.5	0.5	0	INR
0.7	0	0	0	0.2	0	0.2	0.2	0	0	0.1	0	0	INR
0.702128	0	0	0	0.255319	0.106383	0	0	0.106383	0.148936	0.0425532	0.0425532	0	INR
0.793103	0	0	0	0.206897	0.103448	0	0	0.103448	0.103448	0	0	0	INR
0.578947	0	0	0	0.315789	0	0.157895	0.315789	0.157895	0.157895	0.105263	0	0	INR
0.565217	0	0	0	0.304348	0	0.217391	0.304348	0.173913	0.0869565	0.130435	0	0	INR
0.809524	0	0	0	0.190476	0	0.0952381	0.190476	0.0952381	0.0952381	0	0	0	INR
0.666667	0	0	0	0.333333	0	0.333333	0.333333	0.333333	0	0	0	0	INR
0.277778	0	0	0	0.5	0.166667	0.0555556	0.111111	0.166667	0.277778	0.222222	0.222222	0	INR
0.181818	0	0	0	0.181818	0	0	0.181818	0.181818	0.181818	0.636364	0	0	INR
0.263158	0	0	0	0.631579	0	0.263158	0.631579	0.210526	0.368421	0.105263	0	0	INR
0.5625	0	0	0	0.4375	0	0.25	0.4375	0.1875	0.1875	0	0	0	INR
0.529412	0	0	0	0.352941	0	0.176471	0.352941	0.176471	0.176471	0.117647	0	0	INR
0.666667	0	0	0	0.25	0.0833333	0	0	0.0833333	0.166667	0.0833333	0.0833333	0	INR
0.541667	0	0	0	0.333333	0.25	0	0	0.25	0.25	0.125	0.125	0	INR
0.222222	0	0	0	0.277778	0	0	0	0	0.166667	0	0	0	INR
0.714286	0	0	0	0.214286	0	0.214286	0.214286	0	0	0.0714286	0	0	INR
0.7	0	0	0	0.3	0	0.3	0.3	0.3	0	0	0	0	INR
0.636364	0	0	0	0.363636	0	0.181818	0.363636	0.363636	0.181818	0	0	0	INR
0.521739	0	0	0	0.478261	0	0.26087	0.478261	0.478261	0.217391	0	0	0	INR
0.588235	0	0	0	0.294118	0	0.117647	0.294118	0.176471	0.176471	0.117647	0	0	INR
0.1	0	0	0	0.833333	0	0.4	0.8	0.433333	0.433333	0.0666667	0	0	INR
0.333333	0	0	0	0.611111	0.277778	0	0	0.277778	0.277778	0.0555556	0.0555556	0	INR
0.130435	0	0	0	0.73913	0.478261	0	0	0.478261	0.391304	0.130435	0.130435	0	INR
0.0526316	0	0	0	0.842105	0.421053	0	0	0.421053	0.421053	0.105263	0.105263	0	INR
0.684211	0	0	0	0.315789	0	0.157895	0.315789	0.157895	0.157895	0	0	0	INR
0.652174	0	0	0	0.304348	0	0.26087	0.304348	0.0434783	0.0434783	0.0434783	0	0	INR
0.736842	0	0	0	0.263158	0	0.0526316	0.263158	0.0526316	0.210526	0	0	0	INR
0.0625	0	0	0	0.75	0.25	0	0	0.25	0.3125	0.1875	0.1875	0	INR
0	0	0	0	0.833333	0.416667	0	0	0.416667	0.5	0.166667	0.166667	0	INR
0.571429	0	0	0	0.428571	0	0.047619	0.428571	0.380952	0.380952	0	0	0	INR
0.684211	0	0	0	0.210526	0	0.105263	0.210526	0.105263	0.105263	0.105263	0	0	INR
0.888889	0	0	0	0.0555556	0.0555556	0	0	0.0555556	0	0.0555556	0.0555556	0	INR
0.625	0	0	0	0.333333	0.208333	0.0416667	0.0833333	0.208333	0.208333	0.0416667	0.0416667	0	INR
0.695652	0	0	0	0.304348	0	0.173913	0.304348	0.130435	0.130435	0	0	0	INR
0.5	0	0	0	0.4375	0	0.1875	0.4375	0.1875	0.25	0.0625	0	0	INR
0.6875	0	0	0	0.3125	0.125	0	0	0.125	0.1875	0	0	0	INR
0.809524	0	0	0	0.142857	0	0.0952381	0.142857	0.047619	0.047619	0.047619	0	0	INR
0.636364	0	0	0	0.363636	0	0.181818	0.363636	0.181818	0.181818	0	0	0	INR
0.588235	0	0	0	0.294118	0	0.176471	0.294118	0.176471	0.117647	0.117647	0	0	INR
0.0526316	0	0	0	0.842105	0.263158	0	0	0.263158	0.210526	0.105263	0.105263	0	INR
0.0588235	0	0	0	0.823529	0	0.470588	0.823529	0.294118	0.352941	0.117647	0	0	INR
0.684211	0	0	0	0.210526	0.0526316	0.0526316	0.0526316	0.0526316	0.105263	0.105263	0.105263	0	INR
0.588235	0	0	0	0.411765	0.235294	0	0	0.235294	0.235294	0	0	0	INR
0.142857	0	0	0	0.619048	0	0.380952	0.619048	0	0.238095	0.238095	0	0	INR
0.666667	0	0	0	0.166667	0.0833333	0	0	0.0833333	0.0833333	0.166667	0.166667	0	INR
0.714286	0	0	0	0.285714	0.0714286	0	0	0.0714286	0.214286	0	0	0	INR
0.5	0	0	0	0.423077	0.230769	0	0	0.230769	0.230769	0.0769231	0.0769231	0	INR
0.733333	0	0	0	0.266667	0.133333	0	0	0.133333	0.133333	0	0	0	INR
0.647059	0	0	0	0.352941	0.294118	0	0	0.294118	0.294118	0	0	0	INR
0.571429	0	0	0	0.428571	0.285714	0	0	0.285714	0.142857	0	0	0	INR
0.428571	0	0	0	0.571429	0.238095	0	0	0.238095	0.333333	0	0	0	INR
0.157895	0	0	0	0.684211	0	0.263158	0.684211	0.421053	0.421053	0.157895	0	0	INR
0.764706	0	0	0	0.235294	0.117647	0	0	0.117647	0.117647	0	0	0	INR
0.821429	0	0	0	0.142857	0.142857	0	0	0.142857	0.0357143	0.0357143	0.0357143	0	INR
0.538462	0	0	0	0.423077	0.423077	0	0	0.423077	0.269231	0.0384615	0.0384615	0	INR
0.571429	0	0	0	0.428571	0.0714286	0	0	0.0714286	0.0714286	0	0	0	INR
0.777778	0	0	0	0.111111	0	0.111111	0.111111	0	0	0.111111	0	0	INR
0.52381	0	0	0	0.190476	0	0	0	0	0.0952381	0	0	0	INR
0.6875	0	0	0	0.25	0	0	0.25	0	0.25	0.0625	0	0	INR
0.266667	0	0	0	0.666667	0	0.333333	0.6	0.2	0.333333	0.0666667	0	0	INR
0.5	0	0	0	0.428571	0	0.178571	0.428571	0.428571	0.25	0.0714286	0	0	INR
0	0	0	0	0.888889	0	0.555556	0.888889	0.333333	0.333333	0.111111	0	0	INR
0	0	0	0	0.857143	0.428571	0.285714	0.285714	0.428571	0.571429	0.142857	0	0	INR
0.681818	0	0	0	0.318182	0.136364	0	0	0.136364	0.181818	0	0	0	INR
0.8	0	0	0	0.2	0	0	0	0	0	0	0	0	INR
0.681818	0	0	0	0.318182	0.181818	0	0	0.181818	0.181818	0	0	0	INR
0.6	0	0	0	0.3	0.2	0	0	0.2	0.1	0.1	0.1	0	INR
0.0769231	0	0	0	0.769231	0.461538	0	0	0.461538	0.461538	0.153846	0.153846	0	INR
0.642857	0	0	0	0.285714	0	0.214286	0.285714	0.0714286	0.0714286	0.0714286	0	0	INR
0.823529	0	0	0	0.117647	0	0.117647	0.117647	0.117647	0	0.0588235	0	0	INR
0.8125	0	0	0	0.1875	0.125	0	0	0.125	0.125	0	0	0	INR
0.75	0	0	0	0.25	0	0.166667	0.25	0	0.0833333	0	0	0	INR
0.2	0	0	0	0.733333	0	0.266667	0.733333	0.4	0.466667	0.0666667	0	0	INR
0.176471	0	0	0	0.764706	0	0.294118	0.764706	0.411765	0.470588	0.0588235	0	0	INR
0.789474	0	0	0	0.105263	0	0.0526316	0.105263	0.0526316	0.0526316	0.105263	0	0	INR
0.875	0	0	0	0.125	0.0416667	0	0	0.0416667	0.0833333	0	0	0	INR
0.545455	0	0	0	0.227273	0.0909091	0.0454545	0.0454545	0.136364	0.0909091	0.227273	0	0	INR
0.5	0	0	0	0.388889	0	0.277778	0.388889	0.277778	0.111111	0.111111	0	0	INR
0.863636	0	0	0	0.136364	0	0.0909091	0.136364	0.0454545	0.0454545	0	0	0	INR
0.521739	0	0	0	0.391304	0	0.0869565	0.391304	0.0869565	0.304348	0.0869565	0	0	INR
0.4	0	0	0	0.6	0.4	0	0	0.4	0.3	0	0	0	INR
0.363636	0	0	0	0.454545	0.181818	0.0909091	0.0909091	0.181818	0.0909091	0.181818	0.181818	0	INR
0.809524	0	0	0	0.142857	0	0.047619	0.142857	0.0952381	0.0952381	0.047619	0	0	INR
0.655172	0	0	0	0.275862	0	0.0344828	0.275862	0.0344828	0.241379	0.0689655	0	0	INR
0.133333	0	0	0	0.866667	0.466667	0	0.0666667	0	0.466667	0	0	0	INV
0.192308	0	0	0	0.807692	0.538462	0	0.0384615	0	0.423077	0	0	0	INV
0	0	0	0	0.785714	0.214286	0	0	0	0.285714	0.214286	0.214286	0.214286	INV
0.0588235	0	0	0	0.705882	0.529412	0	0	0	0.411765	0.235294	0.235294	0.235294	INV
0.0714286	0	0	0	0.714286	0.428571	0	0	0	0.571429	0.214286	0.214286	0.214286	INV
0.0909091	0	0	0	0.818182	0.363636	0	0	0	0.181818	0.0909091	0.0909091	0.0909091	INV
0.153846	0	0	0	0.615385	0.461538	0	0	0	0.153846	0.230769	0.230769	0.230769	INV
0	0	0	0	0.727273	0.181818	0	0	0	0.545455	0.272727	0.272727	0.272727	INV
0.117647	0	0	0	0.705882	0.411765	0	0	0	0.294118	0.176471	0.176471	0.176471	INV
0.333333	0	0	0	0.611111	0.277778	0	0	0	0.333333	0.0555556	0.0555556	0.0555556	INV
0.16	0	0	0	0.68	0.44	0	0	0	0.36	0.16	0.16	0.16	INV
0.208333	0	0	0	0.708333	0.25	0	0	0	0.333333	0.0833333	0.0833333	0.0833333	INV
0	0	0	0	1	0.636364	0	0	0	0.636364	0	0	0	INV
0.0769231	0	0	0	0.846154	0.307692	0	0	0	0.307692	0.0769231	0.0769231	0.0769231	INV
0.0769231	0	0	0	0.692308	0.384615	0	0	0	0	0.230769	0.230769	0.230769	INV
0	0	0	0	0.909091	0.363636	0	0	0	0.909091	0.0909091	0.0909091	0.0909091	INV
0	0	0	0	1	0.5	0	0	0	0.571429	0	0	0	INV
0.111111	0	0	0	0.777778	0.444444	0	0	0	0.333333	0.111111	0.111111	0.111111	INV
0.153846	0	0	0	0.769231	0.384615	0	0	0.0769231	0.230769	0.0769231	0.0769231	0.0769231	INV
0.0666667	0	0	0	0.666667	0.333333	0	0	0.0666667	0.466667	0.266667	0.266667	0.266667	INV
0.176471	0	0	0	0.647059	0.235294	0	0	0	0.411765	0.176471	0.176471	0.176471	INV
0.0555556	0	0	0	0.777778	0.611111	0	0	0	0.333333	0.166667	0.166667	0.166667	INV
0.133333	0	0	0	0.6	0.266667	0	0	0	0.333333	0.266667	0.266667	0.266667	INV
0.214286	0	0	0	0.714286	0.428571	0	0	0	0.357143	0.0714286	0.0714286	0.0714286	INV
0.125	0	0	0	0.875	0.625	0	0	0	0.25	0	0	0	INV
0.166667	0	0	0	0.583333	0.166667	0	0	0	0.416667	0.25	0.25	0.25	INV
0.142857	0	0	0	0.571429	0.285714	0.0714286	0.0714286	0	0.142857	0.285714	0.285714	0.285714	INV
0	0	0	0	0.714286	0.428571	0	0	0	0.428571	0.285714	0.285714	0.285714	INV
0.5	0	0	0	0.5	0.166667	0	0	0	0.333333	0	0	0	INV
0	0	0	0	0.875	0.625	0	0	0	0.375	0.125	0.125	0.125	INV
0.0909091	0	0	0	0.818182	0.545455	0	0	0	0.363636	0.0909091	0.0909091	0.0909091	INV
0.153846	0	0	0	0.692308	0.230769	0	0	0	0.230769	0.153846	0.153846	0.153846	INV
0.2	0	0	0	0.8	0.6	0	0	0	0.5	0	0	0	INV
0.176471	0	0	0	0.823529	0.470588	0	0.117647	0.117647	0.411765	0	0	0	INV
0.1875	0	0	0	0.8125	0.75	0	0.125	0.0625	0.4375	0	0	0	INV
0.166667	0	0	0	0.666667	0.25	0	0	0	0.375	0.166667	0.166667	0.166667	INV
0.15	0	0	0	0.75	0.45	0	0	0	0.35	0.1	0.1	0.1	INV
0.230769	0	0	0	0.461538	0.307692	0	0	0	0.307692	0	0	0	INV
0.133333	0	0	0	0.533333	0.333333	0	0	0	0.333333	0	0	0	INV
0.166667	0	0	0	0.666667	0.25	0	0	0	0.333333	0.166667	0.166667	0.166667	INV
0.0714286	0	0	0	0.857143	0.428571	0	0.0714286	0	0.571429	0.0714286	0.0714286	0.0714286	INV
0.235294	0	0	0	0.764706	0.352941	0	0	0	0.294118	0	0	0	INV
0	0	0	0	0.8	0.4	0	0	0	0.533333	0.2	0.2	0.2	INV
0.307692	0	0	0	0.692308	0.384615	0	0	0	0.153846	0	0	0	INV
0.142857	0	0	0	0.714286	0.357143	0	0	0	0.571429	0.142857	0.142857	0.142857	INV
0.0769231	0	0	0	0.923077	0.538462	0	0.0769231	0	0.615385	0	0	0	INV
0.0769231	0	0	0	0.769231	0.307692	0	0	0	0.307692	0.153846	0.153846	0.153846	INV
0.0588235	0	0	0	0.823529	0.588235	0	0	0	0.411765	0.117647	0.117647	0.117647	INV
0.037037	0	0	0	0.777778	0.518519	0	0	0	0.296296	0.185185	0.185185	0.185185	INV
0.0357143	0	0	0	0.857143	0.285714	0	0	0	0.535714	0.107143	0.107143	0.107143	INV
0.0555556	0	0	0	0.722222	0.333333	0	0	0	0.5	0.222222	0.222222	0.222222	INV
0.0625	0	0	0	0.875	0.5	0	0	0	0.25	0.0625	0.0625	0.0625	INV
0.0714286	0	0	0	0.857143	0.428571	0	0	0	0.571429	0.0714286	0.0714286	0.0714286	INV
0.142857	0	0	0	0.857143	0.428571	0	0	0	0.285714	0	0	0	INV
0.25	0	0	0	0.583333	0.416667	0	0.0833333	0	0.166667	0.166667	0.166667	0.166667	INV
0.181818	0	0	0	0.636364	0.272727	0	0.0909091	0	0.545455	0.181818	0.181818	0.181818	INV
0.307692	0	0	0	0.615385	0.384615	0	0	0	0.307692	0.0769231	0.0769231	0.0769231	INV
0.0909091	0	0	0	0.727273	0.272727	0	0	0	0.363636	0.181818	0.181818	0.181818	INV
0.416667	0	0	0	0.5	0.166667	0	0	0	0.416667	0.0833333	0.0833333	0.0833333	INV
0.1	0	0	0	0.5	0.3	0	0	0	0.1	0.4	0.4	0.4	INV
0.0714286	0	0	0	0.857143	0.571429	0	0	0	0.428571	0.0714286	0.0714286	0.0714286	INV
0.210526	0	0	0	0.631579	0.210526	0	0	0	0.315789	0.157895	0.157895	0.157895	INV
0.25	0	0	0	0.5	0.25	0	0	0	0.375	0.25	0.25	0.25	INV
0.666667	0	0	0	0.333333	0.166667	0	0	0	0.166667	0	0	0	INV
0.333333	0	0	0	0.5	0.166667	0	0	0	0.333333	0.166667	0.166667	0.166667	INV
0.6	0	0	0	0.4	0.2	0	0	0	0.2	0	0	0	INV
0.0666667	0	0	0	0.8	0.266667	0	0	0	0.466667	0.133333	0.133333	0.133333	INV
0.166667	0	0	0	0.666667	0.444444	0	0	0	0.277778	0.166667	0.166667	0.166667	INV
0.111111	0	0	0	0.777778	0.555556	0	0	0	0.222222	0.111111	0.111111	0.111111	INV
0	0	0	0	0.833333	0.333333	0	0	0	0.583333	0.166667	0.166667	0.166667	INV
0.0714286	0	0	0	0.785714	0.5	0	0	0	0.214286	0.142857	0.142857	0.142857	INV
0	0	0	0	0.75	0.3	0	0	0	0.35	0.25	0.25	0.25	INV
0.0769231	0	0	0	0.846154	0.615385	0	0	0	0.230769	0.0769231	0.0769231	0.0769231	INV
0.0666667	0	0	0	0.8	0.333333	0	0	0	0.466667	0.133333	0.133333	0.133333	INV
0.0909091	0	0	0	0.727273	0.272727	0	0	0	0.272727	0.181818	0.181818	0.181818	INV
0.111111	0	0	0	0.777778	0.444444	0	0	0	0.555556	0.111111	0.111111	0.111111	INV
0.142857	0	0	0	0.52381	0.285714	0	0.047619	0	0.238095	0	0	0	INV
0	0	0	0	0.592593	0.296296	0	0.0740741	0	0.333333	0	0	0	INV
0.1	0	0	0	0.75	0.4	0	0	0	0.35	0.15	0.15	0.15	INV
0.0588235	0	0	0	0.882353	0.411765	0	0	0	0.470588	0.0588235	0.0588235	0.0588235	INV
0.181818	0	0	0	0.636364	0.363636	0	0	0	0.272727	0.181818	0.181818	0.181818	INV
0.153846	0	0	0	0.692308	0.461538	0	0	0	0.230769	0.153846	0.153846	0.153846	INV
0.307692	0	0	0	0.692308	0.230769	0	0	0	0.461538	0	0	0	INV
0	0	0	0	0.928571	0.5	0	0	0	0.5	0.0714286	0.0714286	0.0714286	INV
0.166667	0	0	0	0.722222	0.333333	0	0	0	0.333333	0.111111	0.111111	0.111111	INV
0.181818	0	0	0	0.727273	0.363636	0	0	0	0.363636	0.0909091	0.0909091	0.0909091	INV
0.214286	0	0	0	0.571429	0.285714	0	0	0	0.285714	0.214286	0.214286	0.214286	INV
0.263158	0	0	0	0.684211	0.368421	0	0	0	0.210526	0.0526316	0.0526316	0.0526316	INV
0.2	0	0	0	0.6	0.333333	0	0	0	0.533333	0.2	0.2	0.2	INV
0.0909091	0	0	0	0.909091	0.454545	0	0	0	0.181818	0	0	0	INV
0.111111	0	0	0	0.777778	0.222222	0	0	0	0.111111	0.111111	0.111111	0.111111	INV
0.214286	0	0	0	0.714286	0.5	0	0.0714286	0	0.5	0.0714286	0.0714286	0.0714286	INV
0.0769231	0	0	0	0.923077	0.692308	0	0.153846	0	0.615385	0	0	0	INV
0.2	0	0	0	0.7	0.4	0	0	0	0.3	0.1	0.1	0.1	INV
0	0	0	0	0.9375	0.5	0	0	0	0.4375	0.0625	0.0625	0.0625	INV
0.0909091	0	0	0	0.909091	0.363636	0	0	0	0.454545	0	0	0	INV
0.166667	0	0	0	0.833333	0.5	0	0	0	0.416667	0	0	0	INV
0.176471	0	0	0	0.823529	0.294118	0	0	0	0.352941	0	0	0	INV
0.157895	0	0	0	0.684211	0.473684	0	0	0	0.368421	0.157895	0.157895	0.157895	INV
0.142857	0	0	0	0.571429	0.380952	0	0	0	0.380952	0.285714	0.285714	0.285714	INV
0.0588235	0	0	0	0.764706	0.235294	0	0	0	0.294118	0.176471	0.176471	0.176471	INV
0.238095	0	0	0	0.666667	0.428571	0	0	0	0.333333	0.0952381	0.0952381	0.0952381	INV
0.111111	0	0	0	0.777778	0.277778	0	0	0	0.388889	0.111111	0.111111	0.111111	INV
0.157895	0	0	0	0.736842	0.421053	0	0	0	0.473684	0.105263	0.105263	0.105263	INV
0.105263	0	0	0	0.684211	0.263158	0	0	0	0.263158	0.210526	0.210526	0.210526	INV
0.2	0	0	0	0.8	0.2	0	0	0	0.2	0	0	0	INV
0.125	0	0	0	0.8125	0.25	0	0	0	0.5	0.0625	0.0625	0.0625	INV
0.2	0	0	0	0.65	0.45	0	0	0	0.25	0.15	0.15	0.15	INV
0.333333	0	0	0	0.5	0.333333	0	0	0	0.416667	0.166667	0.166667	0.166667	INV
0.166667	0	0	0	0.666667	0.25	0	0.0833333	0	0.166667	0.166667	0.166667	0.166667	INV
0.117647	0	0	0	0.764706	0.470588	0	0	0	0.470588	0	0	0	INV
0.0869565	0	0	0	0.826087	0.478261	0	0	0	0.434783	0	0	0	INV
0.166667	0	0	0	0.75	0.333333	0	0	0	0.25	0.0833333	0.0833333	0.0833333	INV
0.142857	0	0	0	0.714286	0.357143	0	0	0	0.5	0.142857	0.142857	0.142857	INV
0.210526	0	0	0	0.473684	0.263158	0	0	0	0.157895	0	0	0	INV
0.0833333	0	0	0	0.541667	0.291667	0	0	0	0.291667	0	0	0	INV
0.111111	0	0	0	0.555556	0.222222	0	0	0	0.444444	0.333333	0.333333	0.333333	INV
0.0666667	0	0	0	0.733333	0.2	0.0666667	0.0666667	0	0.2	0.2	0.2	0.2	INV
0.214286	0	0	0	0.642857	0.5	0	0	0	0.428571	0.142857	0.142857	0.142857	INV
0.125	0	0	0	0.875	0.25	0	0	0	0.4375	0	0	0	INV
0.0588235	0	0	0	0.823529	0.647059	0	0	0	0.352941	0.117647	0.117647	0.117647	INV
0.0769231	0	0	0	0.846154	0.461538	0	0	0	0.384615	0.0769231	0.0769231	0.0769231	INV
0.0769231	0	0	0	0.923077	0.461538	0	0	0	0.461538	0	0	0	INV
0.190476	0	0	0	0.761905	0.380952	0	0	0	0.52381	0.047619	0.047619	0.047619	INV
0.0454545	0	0	0	0.818182	0.454545	0	0	0	0.227273	0.136364	0.136364	0.136364	INV
0.0555556	0	0	0	0.388889	0.166667	0	0	0	0.222222	0	0	0	INV
0.115385	0	0	0	0.307692	0.230769	0	0	0	0.192308	0	0	0	INV
0.333333	0	0	0	0.666667	0.444444	0	0	0	0.333333	0	0	0	INV
0.1	0	0	0	0.8	0.55	0	0	0	0.5	0	0	0	INV
0.037037	0	0	0	0.851852	0.481481	0	0	0	0.481481	0	0	0	INV
0.0416667	0	0	0	0.791667	0.5	0	0	0	0.5	0.166667	0.166667	0.166667	INV
0.142857	0	0	0	0.714286	0.285714	0	0	0	0.25	0.142857	0.142857	0.142857	INV
0.0714286	0	0	0	0.785714	0.5	0	0	0	0.214286	0.142857	0.142857	0.142857	INV
0.117647	0	0	0	0.823529	0.294118	0	0	0	0.529412	0.0588235	0.0588235	0.0588235	INV
0	0	0	0	0.666667	0.333333	0	0	0.0555556	0.277778	0.333333	0.333333	0.333333	INV
0.1875	0	0	0	0.75	0.375	0	0	0.0625	0.4375	0.0625	0.0625	0.0625	INV
0.285714	0	0	0	0.714286	0.428571	0	0	0	0.357143	0	0	0	INV
0.0833333	0	0	0	0.833333	0.333333	0	0	0	0.416667	0.0833333	0.0833333	0.0833333	INV
0.181818	0	0	0	0.727273	0.545455	0	0	0	0.454545	0.0909091	0.0909091	0.0909091	INV
0.125	0	0	0	0.875	0.25	0	0	0	0.375	0	0	0	INV
0.0769231	0	0	0	0.769231	0.307692	0	0	0	0.461538	0.153846	0.153846	0.153846	INV
0.2	0	0	0	0.733333	0.4	0	0	0	0.333333	0.0666667	0.0666667	0.0666667	INV
